n = 15
m = 50
sigma =
01010010100000
11001110111
1101101000000
0010011110110
11010111
000101100
01010001
0101000000010
011100011000
00111000
0101101101
11010100011001
10011100
00001111101
001100111000010
0000001000
00101000110
0101101101011
10011111001
10111110
000101001110111
11010110110101
0011110111
1101010111011
001100101
110011110
1011010100100
101111001
111010101011001
00001100
00111100011
010111100010110
0110011011
110110000100
0011000011011
01101011
110011100110010
00011010
11101011000101
11000011
000000110110
10011010001
1111001000
00010111
011001010111
100111011001
1111001000
01111010000
1011100001111
100011101
