n = 15
m = 50
sigma =
00011001
0110010110
11010111111
1010011111001
100101110110000
100001110000
10000011001111
01110001111
10001100000
01001110010100
00011000110110
00010110000110
1010000011000
1100110001
00011100
00011011100
0100101111101
000100100110
100010001000111
100010011100000
1010111010110
000110111110011
10100011011
11111110111
000110111
100010001010
11111110111
1011100110100
1011001110110
000111000
0111101000011
0101001101011
01111110001
1000101010
010110001111010
0011000010
10000101101000
0110110101001
100110010000011
000011100101
011110101101
11110100001101
01011100
000100000
11100001110
110011110111
10100111
0001010000111
0001101110
1011010001
