n = 20
m = 30
sigma =
01011001010000011001
1110010001110001
100100101010001
100010000000111
101000011010011000
11101101001
01010001001000110
11010110111001
11101011110011111
011010100111010
101001001010
110000000111110
10011100101110000101
11110011010110101
100101110001010100
11010011010100
11010000010
1010111001100111010
10101101111111
00110011011101101011
01001001101111001
1110010101010001111
001110001110101101
00111111001110
000111001001100111
0100101011
1011110011
100111011011001001
10111110000011010
1101100100000000111
