n = 20
m = 50
sigma =
001000001001
001100111100100001
0011101010
010110110011101
0000001100
11011001011111011
110000111110
1111000100
11001010111001
1110101000100
100000111000011100
01100001010001000
1010011100
00101010000101101011
00110101110011011
10100000010000100
0001010001001
0001001100011
101111101011110
11000000011111100111
011000111101110
0000111111101111001
0011000111
1101000011110100
11100000010001100
10001010110
1100001011010001
01011011000100001
011111100000110111
0010100101
010100101010
101000100000001010
1001110011100001
11111100110
11101011100111111000
10111110101110
0100011011001101111
00010001111011
101010101000111
0000000101010101111
10100000100
1001100011101011
1100010101
01010111001111000
00001101101
11110000110100
0110101101110101
01110100101001
1011001010100011
1001000010101
