n = 20
m = 50
sigma =
0011010111
11110111001110
01011111011001
1100110110
0111000110011
111101100110
11010111111
0010011011111110
1001101110000100
0100111011
01100010100111111110
10110010110
0110001011010111
1111101010101000
110101000000110
11010111101001101011
1111010100011
10000001110000
1111111010000
11011000010110
0010011011
1001010001011010
0010101010111
1111100000100
100011001101001
110110101011
11000010011111
001110111010010110
10011110111010100
11110011010000000011
001110000101010
11110001111010010010
010110011111
11101011001111010
0100001100010
0111101000001111110
0011000001101
00111100100000
01011101001
100001011100001
1101011100101111
01100000001100100010
0010100001110100100
1001110111011100011
0100011000111010100
0100011001100010100
110001101101110001
00110000001100
00000110010111101
000011111100110111
