n = 20
m = 50
sigma =
1000101001110101
1001111110111111
011011001000
100000100011100
1000011110
01001100101
10010101001
100101011001
11111011111110101
100100111001101001
10111011000101
1000000011101011001
0011000110010101000
1101010000011011
1001001000110
110010011001
10101010010101
010111111010000
001111001110
010001011110101
00101000000100110
111100011011
11000110010100
1000011111110000
01000101011
0010010011100000111
11001110010
00010111101011011
0110000101011000001
01001111000
1011101110110
0111000001010
0001011111
1110111101
00111000011101110
0100101001
0100001100
01010010000000
1001110011001
0010011110000000101
01010111001110
110111001111
111101011100
11100100110
10010111111
00011100011110111
00000101101101
11011110111111100000
00101001011
10010100011101
