n = 20
m = 40
sigma =
00011000111011
100001101000101
00011110001
1110101010010010
0000000100
1001101000000011
000010100011
0111010000110
1100100010000110111
1011101100111
0010001011011010
01101011000
0010000001011111
11001000001
10010100111010001
1000100010111011
10111101001101
00010010110
01010111101
1000010111100011000
01000011110001
011100011111000
10011000101
101111000100001
01100010111
001010001111
11101110100101
000010000100011
111001111110000110
1010101110010
10100010110001010001
10011000110000001
110001010101011
00111000011001
011011101001110
1111110111010
1101001100110
00100100110000010011
01111000111011
110100011111010100
