n = 20
m = 40
sigma =
000101101011111110
00011010101101011011
000011011001101011
10000100010
101110011111111001
101011110010011
1101111111100010111
101001101110000110
001010000101011001
1100101000
10111011001001
1001001001001011
110001010111
010001001001010
01010001111101010
010101100110111100
0001011111
0001001010011
1100110001010
1110110110101111001
1011111001
101110010110
0110100011
11101011101111
1001110111111011
0000111100
0011100000101000
00100010010101110101
0010110000011
11101010100010001011
1011000000
000101111010
00101110101
010100011011
000110101100
10011111001110
1001100001
1011110001000
10000100110000010010
1001010110
