n = 32
m = 40
sigma =
10100011001101001000101
11110011011101110001000
01001111100000111010010
10001010110100100001001
01001001000100010100111
01010001000101100011001
11111111100011111001011
00101011010001111111110
10011100110110000111000
10011001100111000011000
11001010011111111001101
00010110110111100011010
00010101110111001100100
00001110111110110010111
11101001111100110110111
00111100101110101111101
01101010011010111000101
10010000100101110000000
10010011000101010101011
01001001000001000111010
01000010111110101101110
00101111111000011110001
11110101010100100000110
11011101001000000101000
01101101001110010101100
00001011101010100101010
11100110100010011011111
11010011000110100001001
10010111000100011000010
01001011011001000111110
10101011000111001000100
01101010110111000111110
01101000111111011011001
00011100001000011100100
10100111000001110000010
10001001111100101000100
00001010010010000000101
11110010010000010001100
10101011001111101110111
00101100001000100111001
