n = 32
m = 50
sigma =
00010101110010011111001
00111011011111011011100
01111001001100001001001
11101111011101001011111
01010011010101000101110
10110011110110101001100
01100011001000010111110
01010000011101001100011
10100101111001111010011
01111100100101111101100
10100101111100101001110
01010011010000010110011
00000111100001101000010
00010011101110000001001
11010000111110111110010
00100000000011101010001
11001001011111010110011
01000000010110111011100
11101000111001110000000
00011001010100101101010
00011100011101010011010
00101101100101001101000
01111000100001100011000
01000011111110111000100
11110111100100001100100
00110000111101011000101
00100010101011111100011
10010110111100111101101
01011001001010110000101
10110110000111100111001
11011111010000000101100
11010011000110100001001
10000001110011111011000
01001011110001101011000
00000110001001010001110
00011110110000010110101
01100001100101010010001
00000100101100110010010
10110010110011101111011
11101001000100000110010
00101110010000100111101
11111001000010000100011
11011000011001000001000
01001100010101010000111
01001011110100111000101
11001101010011101110100
01011110110110110001010
01001111000101100011010
00010001001110110001000
00000001101101101010001
