n = 32
m = 30
sigma =
00100111100111010001110
00101110001000011101101
00110101110001110101000
00011111001101100000111
00010000001011110111111
01101000011010000010001
11000101011001101110101
01010100101001000100001
01011111110110100100000
01010011011000110000000
10100011000101101110110
10101101100110110101100
01111001111100011111111
10011000111010111111111
01111110101101100001011
00000100111001111101100
10010100101001001000111
11011111010101010110001
11100001110110110110110
11011110011000110110101
01101100110011100011110
11001101001110000111001
11110111000100000110001
10000100111010000101000
10110011100110110101111
11101101110000001110000
11000100001001100111100
11101110010000101011011
00100100001111010010110
00010100110111011001110
