n = 32
m = 50
sigma =
00100100011010011101000
01001101010101000101101
11011110111101101111101
01111111100000000001111
10101001101010001101011
11111011100111100111111
10001100101000111111001
11000101000100000111000
11111001111111100111011
10110000011110101010100
00010011111011001110111
01001011111001001101011
10111011100001000000000
00101110011101010010011
00000011011000010101110
10110111000111110010011
01101110001110111010010
11011100110000100000111
10011000001111111010100
11101000010100001111011
11110100011100010011111
01001110101000001001011
00000010001101001111010
10000110100111010110001
11110101111001011111101
11110000011101011110110
00100011110011010011001
11101110011000001101000
11001111111011111000110
10101000000010110100111
00001000011111001111111
01110110011111010001111
01101101011110001001111
00000001010101011010100
10010110010100010001011
11001001110010101001000
11000000000101011111011
10011110001011011110100
01001100100101000110001
00111100001011110110101
11100110101111101110001
10101100111011001001011
00110000011000000001101
10101010101010100010101
10001111010000100000010
11101011111001011111110
10101010000111011101110
10111101110101111000011
01101101011110001001111
00101000100100010101011
