n = 32
m = 20
sigma =
10110001010110011001101
11101110101000011011110
01000000101011011000100
11011100100101101111001
01110010001110000000101
00100000011011010000001
01101101110110100101001
01000001001011000111011
11101101011101110001011
01000001000110110010101
11010101111010110101100
10100110011001011111000
00010111100010111001110
10100101100001000000011
01010010110000001001100
00000110010001101011110
11111101001110111100100
00100010010110011111011
00001101110110111011010
01110110110010101110100
