n = 32
m = 30
sigma =
01100000110101011011000
11000101110100010001110
00001100100011100001110
11001000011010010000100
10111001101100001111010
10111001010001101100010
10110111010010111101101
01111000110001111111011
00001110111011100001010
01010111101100111000010
01011011001111011001100
10000110100111010110001
00011010100001000111111
10000111100010010000110
01000011011110110010001
11111000000010010001001
10100110101001001001110
10001010001100010001100
11010001000110011011101
10111000000001100101011
00010000110110010100111
01011001000010010110110
10011100011011111000011
01101111101110100101101
01110010001110000000101
11111111000110100000011
00011110110101000101000
01110001001011111100110
10000100100111101100101
01100111100001110110001
