n = 32
m = 30
sigma =
10111001100001111010100
10100000000101000001000
00101000011100100101110
10100001011101101110010
00001000110111100011001
01101010100010001000000
01001110011000011111101
10000001001011001011101
01000001110011110111110
11011000000001111011000
01011100110110001011110
11111101001110111100100
10010111011001110001111
10101110000110010000111
10011011101111011111111
00011011011001100010000
00111111000011111111000
00011011010100010111110
10011111100011100111000
11000101100100001101101
01101001110010111011101
11100000111110000101111
00001110011110111000010
11010110001111011111001
01110101100111001110100
10010011111000110110011
11011010111100100010100
00010100100111000101101
10111001101001011100111
10111010101001110011001
