n = 32
m = 20
sigma =
10001001110100001110111
10110101100111000010010
11101111010000111110001
00110110100100010101000
10000000000011111000100
01011010110010101111110
10101000100111101101111
10010010001000110101111
10110001100110001111011
00010101111010111001010
01111000011100000000000
10010101011001001011011
11011010101001101101010
01111110010101010001110
10111111110101000010111
00110101001100010110000
10100011001101001000101
00111101000110010110001
01101001001111011000101
00110011001101100001101
