n = 32
m = 40
sigma =
00101110101000010111000
01110101001010110001111
10111101101000010001110
10111001110001100110111
11010010001011000001101
01100100010100011100100
11010100001111100101101
10101111111110110101000
10101111101011111010110
00010010000110111000101
10000101000111110011010
11111001001010100010000
01110011001011000110010
00000011010000110011101
10110101000010011011010
01001000010001001110011
10010110110001001000011
01011010101111000110011
11010001100110010001000
01000010001011101000101
00000000011000111010000
00011100001000011100100
01100111101001010000010
11011110100101010101101
01110010110011100011101
01111110100101000111000
01010100100100110001111
00011110111101100011011
01101100111110010110000
11000010111101010101010
00010101010111000110001
01001010110001111110010
00100010101110101111110
00111011011010001000001
01110101101010111011010
01111010111100110000001
01111000000001101001101
00011011010001000100011
11111100000011011100000
01001111100101101001111
