n = 32
m = 50
sigma =
10100111011001001010010
00010001111110100111110
11110010001101111000001
10011110011011000010111
00100011000011000101111
01000001110011110111110
10101110000011000011010
10100111100001111010111
01011100011011110100101
01111000000001101001101
11100011010011010101010
11011100001101000011111
00011010000001001101010
00101001100100000000001
11111010100111110010101
00001101011110010111100
01001111100000111010010
11111011101111000001100
01011011011010010110010
10001110001101011100101
10111000100001101111110
10100010111000011000100
00001010001111101001000
10101111111011100110101
10011101001011110001010
11000111011100000111100
11000001011000100011100
10011100010110001101101
10110110110010100010010
00001000001010000000001
01001011010001100001101
10110101110010001101100
01000110010010011111100
01000101101010000000111
00011111001101100000111
11111100111011101100101
11011111010101010110001
01011010011010000011000
00111111100011110101101
01000010001011101000101
00001000111111000101010
10110001010011001010000
01100111000001111100100
01010110010100011101101
00101110000000111011110
11001001011111010110011
01100000101000110010101
01101010111111100001101
00000000001000100110011
11101000000001000000101
