n = 32
m = 40
sigma =
10000001101011000001000
00101100010000011101001
00100010111110110011101
01011000001010100101111
10100111100100101001010
00010010111110001000000
11001010110111010101011
01110110000111101011111
11001110100011010111100
10000001011011010111110
11101010111100011001001
01110110000010111000010
00101001011001100011001
00100001011011000101011
11011101110000110101101
01101001110010111011101
00010010010011110111011
00000000111101100011000
00100100011010011101000
01100000011101110111110
10111000111100000110011
11110011010000000100110
00000101101001110100101
01001010111001011000001
01011100100110010111101
10110101100010010001111
01110100101010101110000
11000110100100100010011
01111001011001000110111
01111111000000001011010
00110110100001000110101
11001101100011111000010
10110000100110011010001
10110100100010000100101
01001010010100100111010
01110111001010001011011
10111111010000011011111
10010110000100001101000
10100100101001110011010
10110110000111100111001
