n = 32
m = 20
sigma =
11101100001101111000010
11001001001010011001101
10011101100011011101100
01101110110110001010111
10101110001110110110100
01001001001100110010100
01101101000110110011111
00011111000101000110100
11111000011111111000100
10010011011101101111011
10011101101110101000010
10000101100010101010010
00000011100000100101011
10011111001011001011110
01001100011101110110100
11101001000100000110010
00100110101111100010111
10001110000000101001011
10100011101000010001101
00110001010101100001001
