n = 16
m = 40
sigma =
0111101
1001101
101000100101111
111100011110010
0001001
0100010
001010001010010
1100110
001010000111110
0110100
101111001011110
001010001001111
1000100
001001011011111
110111100101001
100111011110110
0100010
1110000
1110000
1010010
101100111111000
000011101010110
100011100001010
110111111000100
001010101111001
1101111
1111001
001110101100110
1011011
1111001
111100011101111
0111101
110111010000011
101111000101111
001110001001101
010000101111011
0101011
1101111
1010010
0101011
