n = 16
m = 50
sigma =
111111010101010
1011011
1001101
000000110001111
100111110001001
1100110
011011000111100
1000100
011111000011011
1101111
0111101
1101111
1001101
101000001101000
110001010010110
100000011100101
010111111101001
1011011
0010110
1100110
1111001
001101111001110
0011111
101100110110001
110010000011011
001111111000100
000001101111001
0011111
0010110
0100010
111111111010101
0010110
1011011
111110110111111
001001100000100
111101010100000
1011011
000011110011110
1101111
1110000
110010000000110
1001101
0010110
000111010010010
110101010101100
1011011
1001101
101100000111110
001011101100010
101110101110011
