n = 16
m = 40
sigma =
01011010
1010101010101010
11000011
00000000
00110011
11110000
11000011
1111111100000000
0011001111001100
00001111
01010101
0000111100001111
01101001
1001100101100110
1001011010010110
0011110011000011
1111111111111111
01101001
1111111100000000
00000000
0101010101010101
10101010
10101010
1111000000001111
11111111
00110011
11111111
01011010
0011110000111100
0011110011000011
0110011001100110
1001011001101001
0011001111001100
10101010
00001111
00001111
1100110000110011
1010101010101010
0101101010100101
0000000011111111
