n = 15
m = 50
sigma =
011011000101
0011000100101
11111111
011001011
010110110101011
110101100
101100001
11110010010011
0001011000011
00011100
0101110010
11011100001
000010001111000
101101010011100
000011011
1101100011
01000111
10100110000
10100001000001
0000111000010
1000000110
00010111100111
001111010101
0010010001101
100101011101
11110010001111
11000101
011000100
01000010
0010111101110
101010100
0000001100001
01010010
11100010011111
00100100000
0000100111111
00111010100001
011101110100
0111000011100
01000110111
00011100
000010110010100
00010100000
01111111110110
111000001001
11000011001111
010001111
1000110111110
10010111111110
010110011110
