n = 15
m = 40
sigma =
11001000011011
10010000
10010110101100
1011100011
110111011110011
101101111111
010000101101001
01101110
110010001
01001111101
1111111010000
011111001011010
1110100001
010010000
10101111111100
000011100010
000100000
01011001011
0101110011011
101110111
011000011010111
00001100
100000011011
110000100010
11110111101
11101101001100
1010100111
0000110011
0000101111
000110001101100
10011110001110
110110000011
100010110000
000010100
10111010100001
1111100110
001000000
100011101
0111010110
00101110101
