n = 20
m = 40
sigma =
0011111100111110101
011101000100
00100111010110
00010000010110101
00101101101111
11000100101011110
01001001101100
01101111100110
0100101110000111
00101011111011011001
101010000100
0001111000101010001
110000111111
100010100101
01011000001
0111010111111
010100100101010001
10101111111
01010010011010110
0010101000100101
010110011011101
01111111000
110000110100010
011001101000000100
1001100010001100
1111101001000000101
101000000101100011
1100111111001111
0101000010010
1101010101
0100000011011010011
10101111111110101
01001101000011
1100010111010
00100101111111000110
01001101000011100
0001001001101110110
1111101001100
100101011011001100
1110010100
