n = 15
m = 40
sigma =
01101101011011
010110000101
110101111110
011111010000111
00000110101111
10001001
10001111111
100111110001
10101011001011
000011111010010
110110000
010111011111100
1111101111000
0110000100
0011001011010
110100011
100001000111001
10010010100
000011001000
001010011111110
0010000001
111111001
111010010111111
011000001
10000111011001
101110011011100
011110111101101
001001000010
1000111100
10001111
0011110000101
100000000000
0111010101111
01001110000011
100100110011
10000110011
111101001100
1001111000
0001110100111
101100110
