n = 15
m = 40
sigma =
01101011
001010010010
01010111100011
1111001111000
0100110111
011011001110
100111001110000
10110101
1001010101000
01000000
01111110
0011110101
1011000110101
000101101001
111001011101
1111011110
10000000
10101111111001
100110011001
11100110
00100010011001
111110010010
101011100
011011110110011
110111111011011
0110110110000
100000000101
10011000
001000101100101
11101000100100
111001100
10100110110101
01001101
1101110100
01101111110010
101001101011
11011101000010
000110010
0100011100
11101100001
