n = 20
m = 30
sigma =
010011000100001
1000101111011001011
111011101000
10101000110011101110
10101100111100
00010111111100011
00100100110001101
01101101001000100011
10011001011
11111110101011011
001001100000001110
1010000100100
0011110001
00110011111010001
0011111011100101001
01001011111111
101010001111011110
1001101101001000011
10000101110011100101
0010010011000111010
10000010110101001110
10011100101
0011110100010010100
01010011110100
0001000011111
11001000001100111001
1010111001110
1001101001000110101
0001010110100100110
00000110010100
