n = 16
m = 50
sigma =
100111101000001
1100110
0101011
1111001
001101001100100
001110001110101
0100010
111100000111010
111000001010100
001000010110101
110000101010110
011101011111100
000010110111101
100001100111000
000010011000010
010010000010011
0101011
011010010011110
1010010
0000000
0111101
1010010
0111101
1001101
111001001110111
0100010
1101111
011111110110001
000001010000111
011001101101100
1100110
110010011010011
0111101
000000110110111
010110000110100
010011101101010
110011100110110
0010110
0001001
1001101
010111001100110
0010110
0101011
0001001
0000000
1100110
1100110
001110110110011
1110000
000001111100101
