n = 16
m = 40
sigma =
111111011100011
1111001
000111010001111
1110000
1011011
010000101011110
111001000111110
101111000001010
111010100111100
110011111011011
1100110
101111011100111
101010101110001
1001101
011010000011111
1100110
0110100
0111101
0000000
111110110000111
000110111110110
0101011
1101111
1010010
1011011
1101111
110001001111011
111111011011011
110010000000110
1101111
1100110
110000001100000
110101011111000
1010010
100100010110011
1110000
0110100
001111010111011
001010000011011
1101111
