n = 16
m = 40
sigma =
00001111
0101010101010101
0000111111110000
10100101
0011001100110011
11110000
00110011
0000111100001111
00111100
01010101
1010010101011010
01010101
0101010101010101
01100110
11000011
11001100
0110011001100110
1001011001101001
0110011001100110
00111100
0011001111001100
0000111111110000
0011001100110011
1010101001010101
01100110
01011010
0101010101010101
1010101010101010
00000000
0110100110010110
01101001
11110000
0000000000000000
0011110000111100
11001100
0011001100110011
01010101
10011001
0011110011000011
00000000
