n = 16
m = 40
sigma =
10101010
11000011
1100110011001100
1010101010101010
11110000
11111111
01010101
11000011
0101101001011010
11111111
0101010101010101
1010101010101010
1001100101100110
0101101010100101
00001111
0101010101010101
0011001111001100
1001011001101001
01100110
01011010
0011110000111100
0110100101101001
11001100
10011001
00111100
0110100101101001
11111111
1111111111111111
0011001111001100
0011001111001100
01011010
00110011
10100101
0011110000111100
0011001111001100
1010010101011010
0000111100001111
11001100
00111100
01101001
