n = 16
m = 50
sigma =
10100101
1100110000110011
1111000000001111
00001111
1100110000110011
0011110011000011
10101010
1001011010010110
01010101
11111111
0011110011000011
10101010
11111111
0101101001011010
0011001111001100
1010101001010101
00001111
1111111111111111
00110011
10100101
1001011001101001
0110100110010110
01010101
0011110011000011
0110100101101001
11000011
00111100
0101101001011010
0110100101101001
11110000
1111000011110000
10100101
10010110
10100101
0000111100001111
0101010110101010
1100001100111100
11000011
1001100110011001
0101101001011010
01101001
1111111111111111
0101101001011010
10010110
11111111
0000111111110000
10100101
11001100
10101010
01010101
