n = 16
m = 50
sigma =
11111111
0101010110101010
00111100
00111100
10100101
0110100110010110
0000000011111111
11110000
0000111100001111
0011001100110011
11001100
0101101010100101
1100001111000011
0000000011111111
0011110011000011
0011001111001100
00001111
00111100
00000000
0011110011000011
11110000
0101010101010101
10101010
10100101
1010010110100101
1001011001101001
0110011010011001
1001100101100110
1010101010101010
00111100
01011010
0101010101010101
01011010
11111111
1010101001010101
10010110
10011001
00001111
1111111111111111
10100101
0000111111110000
11001100
00110011
1001100110011001
11000011
11111111
1111111111111111
0000000011111111
1001100101100110
01100110
