n = 16
m = 50
sigma =
0101010110101010
01100110
0110011010011001
0110100101101001
0101010101010101
01011010
1001100110011001
11110000
10101010
0000111111110000
10011001
01100110
0011001111001100
0000000011111111
11111111
1001011001101001
10101010
10101010
1010101001010101
1100110000110011
1001100101100110
11111111
00000000
00000000
10101010
1010101010101010
10101010
0011110011000011
10010110
0000111111110000
10011001
00000000
01100110
0110011010011001
1111111111111111
0101101010100101
01010101
01100110
0110011001100110
0000111100001111
0011110011000011
10100101
1100110000110011
01100110
1010101010101010
0000111100001111
1010101010101010
10011001
00001111
11110000
