n = 16
m = 40
sigma =
1110000
0100010
0000000
000001001101010
100111011001110
0101011
1000100
010101101000111
010100101000001
0010110
0001001
110101101110111
0101011
110110011101001
010101001101100
000100111100001
0001001
0011111
011001000101011
0110100
1011011
011010100101001
100100011000010
1000100
101011001011100
000110000101101
1000100
0011111
1100110
111111100111000
0010110
101101010011100
111011110011110
010101110001111
0111101
0100010
010111101101000
000101010000101
011100101101000
1111001
