n = 16
m = 50
sigma =
1100110
0001001
1011011
101110111110010
110111000000010
101000101111011
1001101
0011111
011111111011101
000000100110110
1111001
1101111
0100010
100101111001010
1000100
1000100
1010010
1110000
1101111
011011010100000
0100010
0011111
1011011
000110011111000
1100110
011100000001010
101000000011001
1000100
011100110011000
1000100
010111010010110
101000000100001
011010100010001
1001101
010111001100110
000111100011101
0110100
001110111000010
001100011111110
111111000101011
0111101
001110010011000
111001101111001
010000000100001
1100110
110010101000001
0010110
0001001
101010000010011
001001100111100
